28 0.421094 0.277778 0.0125 0.0305556
33 0.730078 0.402778 0.0226563 0.0333333
33 0.839844 0.476389 0.0265625 0.0361111
26 0.491797 0.464583 0.0148437 0.0375
9 0.833203 0.536111 0.0273438 0.0388889
26 0.577734 0.570833 0.0179687 0.0416667
17 0.469531 0.71875 0.015625 0.0458333
28 0.4875 0.365278 0.0140625 0.0305556
17 0.389844 0.590972 0.0140625 0.0402778
9 0.71875 0.461111 0.0234375 0.0361111
40 0.438672 0.515278 0.0148437 0.0388889
12 0.720703 0.55 0.0210938 0.0388889
40 0.519531 0.628472 0.0171875 0.0430556
12 0.838672 0.632639 0.0242187 0.0430556
2 0.743359 0.35 0.0226563 0.0333333
2 0.848828 0.417361 0.0242187 0.0347222
