33 0.840625 0.475694 0.0265625 0.0347222
33 0.730078 0.402778 0.0226563 0.0333333
26 0.577344 0.571528 0.0171875 0.0430556
17 0.469531 0.71875 0.015625 0.0458333
9 0.833203 0.536111 0.0273438 0.0388889
17 0.389844 0.590972 0.0140625 0.0402778
9 0.71875 0.460417 0.0234375 0.0347222
26 0.492969 0.463889 0.0125 0.0388889
12 0.720703 0.55 0.0210938 0.0388889
40 0.438672 0.516667 0.0148437 0.0388889
40 0.519531 0.629167 0.0171875 0.0444444
12 0.838672 0.632639 0.0242187 0.0430556
2 0.74375 0.35 0.021875 0.0333333
2 0.849219 0.417361 0.0234375 0.0347222
