33 0.841016 0.476389 0.0273438 0.0361111
33 0.73125 0.402778 0.0234375 0.0333333
26 0.577734 0.571528 0.0179687 0.0430556
26 0.492188 0.464583 0.015625 0.0375
17 0.469531 0.720139 0.015625 0.0458333
28 0.486719 0.365972 0.0140625 0.0319444
17 0.389453 0.590972 0.0148437 0.0402778
9 0.833203 0.536806 0.0273438 0.0402778
40 0.438281 0.515278 0.015625 0.0388889
9 0.71875 0.461111 0.0234375 0.0361111
12 0.720703 0.550694 0.0210938 0.0402778
40 0.519922 0.629167 0.0179687 0.0444444
12 0.839453 0.632639 0.0242187 0.0430556
2 0.744141 0.35 0.0226563 0.0333333
2 0.849219 0.417361 0.0234375 0.0347222
