28 0.421094 0.279167 0.0125 0.0305556
33 0.730078 0.402778 0.0226563 0.0333333
33 0.840625 0.475694 0.0265625 0.0347222
17 0.469531 0.718056 0.015625 0.0444444
9 0.832812 0.536111 0.0265625 0.0388889
28 0.4875 0.365972 0.0140625 0.0319444
17 0.389844 0.590972 0.0140625 0.0402778
40 0.439453 0.513194 0.0148437 0.0402778
9 0.71875 0.461806 0.0234375 0.0347222
40 0.517969 0.63125 0.015625 0.0430556
12 0.721094 0.55 0.0203125 0.0388889
12 0.838672 0.631944 0.0242187 0.0416667
2 0.74375 0.35 0.021875 0.0333333
2 0.849219 0.416667 0.0234375 0.0333333
