28 0.421094 0.277778 0.0125 0.0305556
33 0.839844 0.476389 0.0265625 0.0361111
33 0.730078 0.402778 0.0226563 0.0333333
26 0.491797 0.464583 0.0148437 0.0375
26 0.577344 0.570833 0.0171875 0.0416667
17 0.469531 0.71875 0.015625 0.0458333
9 0.833203 0.536111 0.0273438 0.0388889
28 0.4875 0.365972 0.0140625 0.0319444
9 0.71875 0.461111 0.0234375 0.0361111
17 0.389062 0.590972 0.0140625 0.0402778
40 0.438672 0.515278 0.0148437 0.0388889
12 0.720703 0.55 0.0210938 0.0388889
40 0.519531 0.629167 0.0171875 0.0444444
12 0.838672 0.631944 0.0242187 0.0416667
2 0.743359 0.35 0.0226563 0.0333333
