33 0.840625 0.475694 0.0265625 0.0347222
33 0.730078 0.402778 0.0226563 0.0333333
26 0.576563 0.572222 0.0171875 0.0416667
17 0.469531 0.71875 0.015625 0.0458333
17 0.389844 0.590972 0.0140625 0.0402778
9 0.833203 0.5375 0.0273438 0.0388889
26 0.491406 0.466667 0.015625 0.0361111
9 0.71875 0.460417 0.0234375 0.0347222
12 0.720703 0.55 0.0210938 0.0388889
40 0.438672 0.515278 0.0148437 0.0388889
40 0.519531 0.628472 0.0171875 0.0430556
12 0.838672 0.632639 0.0242187 0.0430556
28 0.420703 0.277778 0.0117188 0.0305556
2 0.74375 0.351389 0.021875 0.0333333
2 0.848437 0.417361 0.0234375 0.0347222
