33 0.839453 0.476389 0.0257812 0.0361111
33 0.730078 0.402778 0.0226563 0.0333333
9 0.833203 0.536111 0.0273438 0.0388889
26 0.577734 0.570833 0.0179687 0.0416667
17 0.469531 0.71875 0.015625 0.0458333
26 0.491797 0.465278 0.0148437 0.0361111
28 0.487109 0.366667 0.0132813 0.0333333
17 0.389844 0.590972 0.0140625 0.0402778
9 0.71875 0.461111 0.0234375 0.0361111
12 0.721484 0.55 0.0210938 0.0388889
40 0.439063 0.516667 0.0140625 0.0388889
40 0.519531 0.629167 0.0171875 0.0444444
12 0.838672 0.632639 0.0242187 0.0430556
2 0.74375 0.35 0.021875 0.0333333
2 0.848828 0.417361 0.0242187 0.0347222
